decision_accuracy_mean: 0.8317610062893083
decision_accuracy_std: 0.01674573119462335
decision_f1_mean: 0.799425406945066
decision_f1_std: 0.015909452940902465
decision_precision_mean: 0.8222664512934833
decision_precision_std: 0.015804952688118306
decision_recall_mean: 0.7944327391769429
decision_recall_std: 0.014073132592128067
decision_roc_auc_mean: 0.8957087327188313
decision_roc_auc_std: 0.007068279935653794
