decision_accuracy_mean: 0.8317610062893083
decision_accuracy_std: 0.01674573119462335
decision_f1_mean: 0.7950089216848267
decision_f1_std: 0.018127207247913536
decision_precision_mean: 0.8177987552584897
decision_precision_std: 0.017630207629249904
decision_recall_mean: 0.7900106206625752
decision_recall_std: 0.018460714802635676
decision_roc_auc_mean: 0.8957107100804148
decision_roc_auc_std: 0.007066680491693385
