decision_accuracy_mean: 0.9475308641975309
decision_accuracy_std: 0.011548325267820769
decision_f1_mean: 0.9249000440563907
decision_f1_std: 0.03401378134775753
decision_precision_mean: 0.9421456629789963
decision_precision_std: 0.025960306011830442
decision_recall_mean: 0.9223639455782314
decision_recall_std: 0.03932563422202745
decision_roc_auc_mean: 0.9698456886504977
decision_roc_auc_std: 0.0061513939507390454
