decision_accuracy_mean: 0.9735714285714284
decision_accuracy_std: 0.0034992710611188222
decision_f1_mean: 0.9329938024828159
decision_f1_std: 0.054326248119046974
decision_precision_mean: 0.9333216980575111
decision_precision_std: 0.05403479983845157
decision_recall_mean: 0.9328273809523809
decision_recall_std: 0.05461835805704959
decision_roc_auc_mean: 0.9846230158730158
decision_roc_auc_std: 0.002090030806708551
