decision_accuracy_mean: 0.9753086419753086
decision_accuracy_std: 0.008729713347982107
decision_f1_mean: 0.9522384913561385
decision_f1_std: 0.03803267345251371
decision_precision_mean: 0.9585097001763669
decision_precision_std: 0.03482532074891418
decision_recall_mean: 0.9518707482993197
decision_recall_std: 0.03920353922905005
decision_roc_auc_mean: 0.985777345591702
decision_roc_auc_std: 0.004677968331319176
