decision_accuracy_mean: 0.9227272727272728
decision_accuracy_std: 0.0025288574557462986
decision_f1_mean: 0.9225684008620781
decision_f1_std: 0.0025133586732458708
decision_precision_mean: 0.9258311769205821
decision_precision_std: 0.002413304735882359
decision_recall_mean: 0.9227272727272728
decision_recall_std: 0.0025288574557462604
decision_roc_auc_mean: 0.9608552631578947
decision_roc_auc_std: 0.0012810659479766341
