decision_accuracy_mean: 0.8518643306379156
decision_accuracy_std: 0.0032820393522467006
decision_f1_mean: 0.834614975333729
decision_f1_std: 0.009718854219724266
decision_precision_mean: 0.8537199470682016
decision_precision_std: 0.01565917212816157
decision_recall_mean: 0.8296094161688622
decision_recall_std: 0.00873792945480676
decision_roc_auc_mean: 0.9134758921932645
decision_roc_auc_std: 0.004338402607011249
